       0/9      2.6G   0.04524    0.0111   0.04058   0.09692        32       416         0         0         0         0         0         0         0
       1/9     5.47G   0.03293  0.009013   0.02177   0.06371        26       416         0         0         0         0         0         0         0
       2/9     5.47G   0.03338  0.007398     0.011   0.05178        20       416         0         0         0         0         0         0         0
       3/9     5.47G    0.0334  0.007114   0.01041   0.05092        20       416         0         0         0         0         0         0         0
       4/9     5.47G   0.03007  0.006442  0.007978   0.04449        32       416         0         0         0         0         0         0         0
       5/9     5.47G   0.02781  0.006091  0.007546   0.04144        34       416         0         0         0         0         0         0         0
       6/9     5.47G   0.02456  0.005538  0.005671   0.03577        26       416         0         0         0         0         0         0         0
       7/9     5.47G   0.02242   0.00503  0.004535   0.03199        17       416         0         0         0         0         0         0         0
       8/9     5.47G   0.02026  0.004635  0.003739   0.02863        19       416         0         0         0         0         0         0         0
       9/9     5.47G   0.01891  0.004334  0.003166   0.02641        17       416    0.9859    0.9789    0.9921    0.9197   0.04568   0.02137   0.01659
